Listening to port 4567
Connected!!!
Listening to port 4567
Connected!!!
EKF: 
Rho: 0.659007
Phi: 1.07719
x_ = 0.779913
0.722413
 6.65259
 1.97674
P_ =   0.0188397   0.0342893  0.00441314 -0.00217457
  0.0342893   0.0641216 -0.00217459  0.00154144
 0.00441314 -0.00217459     221.662    -119.214
-0.00217457  0.00154144    -119.214     64.2309
x_ =  1.11254
0.821251
 6.65259
 1.97674
P_ =  0.573451 -0.263962   11.0881  -5.96285
-0.263962  0.224867  -5.96285   3.21365
  11.0881  -5.96285   221.685  -119.214
 -5.96285   3.21365  -119.214   64.2534
Rho: 1.71321
Phi: 0.566942
x_ =  0.78187
0.236848
 3.90867
  2.6457
P_ =  0.0145161  0.0104545  0.0550815 -0.0523621
 0.0104545  0.0105564  0.0308534 -0.0263874
 0.0550815  0.0308534   0.276036  -0.232627
-0.0523621 -0.0263874  -0.232627   0.306754
x_ = 0.977303
0.369133
 3.90867
  2.6457
P_ =  0.0207284 0.00879747  0.0694458 -0.0639934
0.00879747 0.00869857  0.0192221 -0.0104872
 0.0694458  0.0192221   0.298536  -0.232627
-0.0639934 -0.0104872  -0.232627   0.329254
Rho: 1.27543
Phi: 0.404039
x_ =  1.39558
0.471669
 4.77881
 1.90547
P_ =  0.0143494  0.0053271  0.0312163 -0.0388708
 0.0053271 0.00336772 0.00934025 -0.0103762
 0.0312163 0.00934025   0.103675 -0.0854009
-0.0388708 -0.0103762 -0.0854009   0.179851
x_ =  1.63452
0.566942
 4.77881
 1.90547
P_ =    0.0177443   0.00363707    0.0369626   -0.0431409
  0.00363707   0.00279379   0.00507021 -0.000821185
   0.0369626   0.00507021     0.126175   -0.0854009
  -0.0431409 -0.000821185   -0.0854009     0.202351
Rho: 1.98705
Phi: 0.339765
x_ =  1.94837
0.616567
 4.91254
 1.49269
P_ =  0.0128302 0.00226885  0.0187885 -0.0261128
0.00226885 0.00213888 0.00152119 0.00234791
 0.0187885 0.00152119  0.0644595 -0.0413706
-0.0261128 0.00234791 -0.0413706    0.13705
x_ =    2.194
0.691201
 4.91254
 1.49269
P_ =    0.0148842  0.000935845    0.0225739   -0.0281814
 0.000935845   0.00273036 -0.000547342   0.00976289
   0.0225739 -0.000547342    0.0869595   -0.0413706
  -0.0281814   0.00976289   -0.0413706      0.15955
Rho: 2.55701
Phi: 0.304174
x_ =  2.59514
0.693552
 5.16947
0.933135
P_ =    0.0114653  0.000893456    0.0125018   -0.0168259
 0.000893456   0.00254364 -0.000894518    0.0087121
   0.0125018 -0.000894518    0.0532205    -0.024654
  -0.0168259    0.0087121    -0.024654     0.116575
x_ =  2.85361
0.740209
 5.16947
0.933135
P_ =    0.0128626 -5.41994e-05    0.0157254   -0.0180586
-5.41994e-05   0.00372035  -0.00212722    0.0151033
   0.0157254  -0.00212722    0.0757205    -0.024654
  -0.0180586    0.0151033    -0.024654     0.139075
Rho: 3.21002
Phi: 0.247651
x_ =  3.24496
0.660294
 5.32238
0.290107
P_ =    0.010711 0.000211696  0.00932714   -0.011717
0.000211696  0.00350997 -0.00174231   0.0129853
 0.00932714 -0.00174231   0.0491879  -0.0181291
  -0.011717   0.0129853  -0.0181291    0.114694
x_ =  3.51108
0.674799
 5.32238
0.290107
P_ =    0.0117807 -0.000506592     0.012349   -0.0126234
-0.000506592   0.00510931  -0.00264876    0.0192825
    0.012349  -0.00264876    0.0716879   -0.0181291
  -0.0126234    0.0192825   -0.0181291     0.137194
Rho: 3.83958
Phi: 0.180505
x_ =  3.84273
0.671794
 5.44072
0.191846
P_ =   0.0102338 -0.00017874   0.0075305 -0.00862792
-0.00017874  0.00473787 -0.00178926   0.0165915
  0.0075305 -0.00178926   0.0469219   -0.013592
-0.00862792   0.0165915   -0.013592    0.120188
x_ =  4.11477
0.681386
 5.44072
0.191846
P_ =    0.0111182 -0.000733579    0.0104391  -0.00930752
-0.000733579   0.00671156  -0.00246886    0.0231634
   0.0104391  -0.00246886    0.0694219    -0.013592
 -0.00930752    0.0231634    -0.013592     0.142688
Rho: 4.44089
Phi: 0.156229
x_ =  4.39697
0.678886
 5.32318
0.125972
P_ =   0.00985638 -0.000371405   0.00662909  -0.00649928
-0.000371405   0.00612757  -0.00179658    0.0198291
  0.00662909  -0.00179658    0.0461811   -0.0118738
 -0.00649928    0.0198291   -0.0118738     0.127396
x_ =  4.66313
0.685185
 5.32318
0.125972
P_ =    0.0106488 -0.000815882   0.00950065  -0.00709297
-0.000815882   0.00844303  -0.00239027    0.0267614
  0.00950065  -0.00239027    0.0686811   -0.0118738
 -0.00709297    0.0267614   -0.0118738     0.149896
Rho: 4.97756
Phi: 0.139371
x_ =   4.93376
 0.670604
  5.12071
0.0327873
P_ =   0.00955747 -0.000454997   0.00617406  -0.00504987
-0.000454997   0.00757537  -0.00183559    0.0227414
  0.00617406  -0.00183559    0.0459044   -0.0112607
 -0.00504987    0.0227414   -0.0112607     0.134908
x_ =    5.1898
 0.672244
  5.12071
0.0327873
P_ =    0.0103037 -0.000827422   0.00903178  -0.00561291
-0.000827422    0.0102008  -0.00239863    0.0300493
  0.00903178  -0.00239863    0.0684044   -0.0112607
 -0.00561291    0.0300493   -0.0112607     0.157408
Rho: 5.48737
Phi: 0.123117
x_ =    5.4447
 0.670916
  5.27379
0.0425973
P_ =    0.0093238 -0.000493785   0.00593527  -0.00409602
-0.000493785   0.00905006  -0.00184578    0.0254728
  0.00593527  -0.00184578    0.0457047   -0.0107839
 -0.00409602    0.0254728   -0.0107839      0.14254
x_ =   5.70839
 0.673046
  5.27379
0.0425973
P_ =    0.0100457 -0.000817835   0.00878301  -0.00463521
-0.000817835    0.0119677  -0.00238497    0.0331623
  0.00878301  -0.00238497    0.0682047   -0.0107839
 -0.00463521    0.0331623   -0.0107839      0.16504
Rho: 6.01012
Phi: 0.112577
x_ =   5.95326
 0.576823
  5.11046
-0.230997
P_ =   0.00914199 -0.000525819   0.00582135  -0.00351426
-0.000525819    0.0105831  -0.00190701    0.0282004
  0.00582135  -0.00190701    0.0455937    -0.010635
 -0.00351426    0.0282004    -0.010635     0.150303
x_ =   6.20879
 0.565273
  5.11046
-0.230997
P_ =  0.00985217 -0.00082347  0.00866353 -0.00404601
-0.00082347    0.013793 -0.00243876    0.036278
 0.00866353 -0.00243876   0.0680937   -0.010635
-0.00404601    0.036278   -0.010635    0.172803
Rho: 6.48798
Phi: 0.0854499
x_ =    6.46973
  0.638333
   5.07558
-0.0196799
P_ =    0.0089962 -0.000537065   0.00571469  -0.00302386
-0.000537065    0.0121303  -0.00156964    0.0308507
  0.00571469  -0.00156964    0.0452161  -0.00879944
 -0.00302386    0.0308507  -0.00879944     0.157881
x_ =    6.72351
  0.637349
   5.07558
-0.0196799
P_ =   0.00969477 -0.000788739     0.008538  -0.00346383
-0.000788739    0.0156241  -0.00200961    0.0393073
    0.008538  -0.00200961    0.0677161  -0.00879944
 -0.00346383    0.0393073  -0.00879944     0.180381
Rho: 7.00625
Phi: 0.0909535
x_ =    6.98406
  0.627014
   4.89737
-0.0586681
P_ =   0.00888359 -0.000571132   0.00570516  -0.00281718
-0.000571132    0.0137695  -0.00176962    0.0335811
  0.00570516  -0.00176962    0.0452591  -0.00940814
 -0.00281718    0.0335811  -0.00940814      0.16524
x_ =    7.22892
  0.624081
   4.89737
-0.0586681
P_ =   0.00958132 -0.000823992   0.00853062  -0.00328759
-0.000823992    0.0175548  -0.00224002    0.0424056
  0.00853062  -0.00224002    0.0677591  -0.00940814
 -0.00328759    0.0424056  -0.00940814      0.18774
Rho: 7.49956
Phi: 0.0829195
x_ =   7.56695
 0.668595
  5.22002
0.0585622
P_ =   0.00879549 -0.000617793   0.00569878  -0.00271616
-0.000617793     0.015463  -0.00185773    0.0363087
  0.00569878  -0.00185773    0.0452118  -0.00939921
 -0.00271616    0.0363087  -0.00939921     0.172344
x_ =   7.82795
 0.671523
  5.22002
0.0585622
P_ =   0.00949246 -0.000869985   0.00852187  -0.00318612
-0.000869985    0.0195388  -0.00232769    0.0454884
  0.00852187  -0.00232769    0.0677118  -0.00939921
 -0.00318612    0.0454884  -0.00939921     0.194844
Rho: 8.11702
Phi: 0.0831869
x_ =  8.08872
0.726961
 5.00777
0.161685
P_ =   0.00872982 -0.000704803   0.00571759  -0.00278079
-0.000704803    0.0173722  -0.00212581    0.0393846
  0.00571759  -0.00212581    0.0452568   -0.0100271
 -0.00278079    0.0393846   -0.0100271     0.179906
x_ =  8.33911
0.735045
 5.00777
0.161685
P_ =   0.00942878 -0.000975201   0.00854293  -0.00328214
-0.000975201    0.0217745  -0.00262716    0.0489424
  0.00854293  -0.00262716    0.0677568   -0.0100271
 -0.00328214    0.0489424   -0.0100271     0.202406
Rho: 8.62159
Phi: 0.0863012
x_ =  8.60455
0.942689
 5.25869
0.616948
P_ =   0.00868291 -0.000828134   0.00575593   -0.0029712
-0.000828134    0.0193182  -0.00253886    0.0423221
  0.00575593  -0.00253886    0.0453764   -0.0111156
  -0.0029712    0.0423221   -0.0111156     0.186713
x_ =  8.86749
0.973536
 5.25869
0.616948
P_ =  0.00938601 -0.00113143  0.00858725 -0.00352699
-0.00113143   0.0240313 -0.00309464   0.0522202
 0.00858725 -0.00309464   0.0678764  -0.0111156
-0.00352699   0.0522202  -0.0111156    0.209213
Rho: 9.1855
Phi: 0.109564
x_ =  9.19768
 1.02847
 5.27556
0.655036
P_ =  0.00866666 -0.00107458  0.00589443 -0.00355496
-0.00107458   0.0213484 -0.00372391   0.0451981
 0.00589443 -0.00372391   0.0459782    -0.01479
-0.00355496   0.0451981    -0.01479    0.192824
x_ =  9.46146
 1.06123
 5.27556
0.655036
P_ =  0.00938511  -0.0014755  0.00875584 -0.00429446
 -0.0014755   0.0263643 -0.00446341   0.0554018
 0.00875584 -0.00446341   0.0684782    -0.01479
-0.00429446   0.0554018    -0.01479    0.215324
Rho: 9.78658
Phi: 0.112018
x_ =  9.75532
 1.20096
 5.27729
0.868544
P_ =  0.00866912 -0.00137976  0.00601396 -0.00420032
-0.00137976   0.0235365 -0.00456532   0.0482929
 0.00601396 -0.00456532   0.0463463   -0.016932
-0.00420032   0.0482929   -0.016932    0.199406
x_ =  10.0192
 1.24439
 5.27729
0.868544
P_ =  0.00940045 -0.00186038  0.00889377 -0.00504692
-0.00186038   0.0288784 -0.00541192   0.0588257
 0.00889377 -0.00541192   0.0688463   -0.016932
-0.00504692   0.0588257   -0.016932    0.221906
Rho: 10.3634
Phi: 0.124588
x_ = 10.2684
1.38957
5.00783
1.04056
P_ =  0.00869659 -0.00177035  0.00618501  -0.0049995
-0.00177035   0.0258045 -0.00563918     0.05134
 0.00618501 -0.00563918   0.0469226  -0.0197722
 -0.0049995     0.05134  -0.0197722    0.205506
x_ = 10.5188
 1.4416
5.00783
1.04056
P_ =  0.00944646 -0.00235171  0.00909364 -0.00598811
-0.00235171   0.0314663 -0.00662779   0.0621778
 0.00909364 -0.00662779   0.0694226  -0.0197722
-0.00598811   0.0621778  -0.0197722    0.228006
Rho: 10.8722
Phi: 0.137816
x_ = 10.7463
1.53658
4.74198
1.09102
P_ =  0.00875117 -0.00224079  0.00640825 -0.00592347
-0.00224079   0.0280446 -0.00686076   0.0541482
 0.00640825 -0.00686076   0.0476664  -0.0229628
-0.00592347   0.0541482  -0.0229628    0.210857
x_ = 10.9834
1.59113
4.74198
1.09102
P_ =  0.00952522 -0.00293741  0.00935407 -0.00707161
-0.00293741   0.0340006  -0.0080089   0.0652536
 0.00935407  -0.0080089   0.0701664  -0.0229628
-0.00707161   0.0652536  -0.0229628    0.233357
Rho: 11.3405
Phi: 0.145629
x_ =  11.2676
 1.58987
  4.9164
0.998658
P_ =  0.00882489 -0.00275005  0.00663089 -0.00684742
-0.00275005   0.0302275 -0.00791514   0.0567651
 0.00663089 -0.00791514     0.04831  -0.0255524
-0.00684742   0.0567651  -0.0255524    0.215838
x_ =  11.5134
 1.63981
  4.9164
0.998658
P_ =  0.00962282 -0.00355205  0.00960889 -0.00812504
-0.00355205   0.0364576 -0.00919276   0.0681195
 0.00960889 -0.00919276     0.07081  -0.0255524
-0.00812504   0.0681195  -0.0255524    0.238338
Rho: 11.88
Phi: 0.142718
x_ =  11.7268
 1.65485
  4.8383
0.932265
P_ =  0.00889641 -0.00323272  0.00675598 -0.00759318
-0.00323272   0.0325055 -0.00841789   0.0595805
 0.00675598 -0.00841789   0.0484632  -0.0264837
-0.00759318   0.0595805  -0.0264837    0.221431
x_ =  11.9687
 1.70147
  4.8383
0.932265
P_ =  0.00970723 -0.00409948  0.00974164 -0.00891737
-0.00409948   0.0390312 -0.00974208   0.0712146
 0.00974164 -0.00974208   0.0709632  -0.0264837
-0.00891737   0.0712146  -0.0264837    0.243931
Rho: 12.3351
Phi: 0.142195
x_ = 12.2168
1.85529
4.98301
1.14519
P_ =  0.00896159 -0.00367377  0.00683813 -0.00818146
-0.00367377   0.0347462 -0.00875804   0.0622625
 0.00683813 -0.00875804   0.0485225  -0.0270777
-0.00818146   0.0622625  -0.0270777    0.226679
x_ =  12.466
1.91255
4.98301
1.14519
P_ =  0.00978078 -0.00458844  0.00982676 -0.00953535
-0.00458844   0.0415532  -0.0101119   0.0741589
 0.00982676  -0.0101119   0.0710225  -0.0270777
-0.00953535   0.0741589  -0.0270777    0.249179
Rho: 12.8668
Phi: 0.153696
x_ = 12.7163
1.92818
5.08857
1.08935
P_ =  0.00904983 -0.00418453  0.00703332 -0.00892008
-0.00418453   0.0370459 -0.00969509   0.0649068
 0.00703332 -0.00969509   0.0491192   -0.029385
-0.00892008   0.0649068   -0.029385    0.231442
x_ = 12.9708
1.98265
5.08857
1.08935
P_ =  0.00989002 -0.00518875   0.0100518  -0.0103893
-0.00518875   0.0441293  -0.0111643   0.0770414
  0.0100518  -0.0111643   0.0716192   -0.029385
 -0.0103893   0.0770414   -0.029385    0.253942
Rho: 13.3812
Phi: 0.152832
x_ = 13.2272
2.19339
5.17457
1.37229
P_ =  0.00913448 -0.00467707  0.00715714 -0.00956777
-0.00467707   0.0394197  -0.0102549   0.0676759
 0.00715714  -0.0102549    0.049351  -0.0305267
-0.00956777   0.0676759  -0.0305267    0.236569
x_ = 13.4859
  2.262
5.17457
1.37229
P_ =  0.00998764 -0.00574452   0.0101872  -0.0110941
-0.00574452   0.0467928  -0.0117812   0.0800668
  0.0101872  -0.0117812    0.071851  -0.0305267
 -0.0110941   0.0800668  -0.0305267    0.259069
Rho: 13.9408
Phi: 0.167968
x_ = 13.5783
2.54273
4.65396
1.68604
P_ =  0.00925926 -0.00529163  0.00744938  -0.0104707
-0.00529163   0.0418627  -0.0115756   0.0703611
 0.00744938  -0.0115756   0.0502813  -0.0336902
 -0.0104707   0.0703611  -0.0336902    0.240989
x_ =  13.811
2.62703
4.65396
1.68604
P_ =    0.010144 -0.00647817    0.010526  -0.0121552
-0.00647817   0.0495153  -0.0132601    0.082973
   0.010526  -0.0132601   0.0727813  -0.0336902
 -0.0121552    0.082973  -0.0336902    0.263489
Rho: 14.303
Phi: 0.190718
x_ = 14.0176
2.71992
4.59688
1.69703
P_ =   0.0094501 -0.00605825   0.0079698  -0.0116895
-0.00605825   0.0439993  -0.0136403   0.0722847
  0.0079698  -0.0136403   0.0520368  -0.0386726
 -0.0116895   0.0722847  -0.0386726    0.243517
x_ = 14.2474
2.80477
4.59688
1.69703
P_ =   0.0103912 -0.00742142   0.0111341  -0.0136231
-0.00742142   0.0518506  -0.0155739   0.0850231
  0.0111341  -0.0155739   0.0745368  -0.0386726
 -0.0136231   0.0850231  -0.0386726    0.266017
Rho: 14.7628
Phi: 0.197008
x_ = 14.5085
2.89284
4.79252
1.73415
P_ =  0.00966465 -0.00686736  0.00840938  -0.0129183
-0.00686736   0.0461762     -0.0151   0.0744319
 0.00840938     -0.0151   0.0531956  -0.0418904
 -0.0129183   0.0744319  -0.0418904    0.246976
x_ = 14.7481
2.97955
4.79252
1.73415
P_ =   0.0106526 -0.00837301   0.0116317  -0.0150129
-0.00837301   0.0542509  -0.0171945   0.0873432
  0.0116317  -0.0171945   0.0756956  -0.0418904
 -0.0150129   0.0873432  -0.0418904    0.269476
Rho: 15.2982
Phi: 0.201799
x_ = 14.9429
3.28647
4.76225
2.09681
P_ =  0.00989248 -0.00770281  0.00878516  -0.0141073
-0.00770281   0.0485065  -0.0162334   0.0768902
 0.00878516  -0.0162334   0.0540121  -0.0442546
 -0.0141073   0.0768902  -0.0442546    0.251107
x_ =  15.181
3.39131
4.76225
2.09681
P_ =   0.0109201 -0.00933049   0.0120483  -0.0163201
-0.00933049   0.0568373  -0.0184461    0.090008
  0.0120483  -0.0184461   0.0765121  -0.0442546
 -0.0163201    0.090008  -0.0442546    0.273607
Rho: 15.8105
Phi: 0.222971
x_ =  15.373
3.63227
4.50269
2.26287
P_ =   0.0102003 -0.00870561  0.00944788  -0.0155648
-0.00870561   0.0507869  -0.0182826   0.0789873
 0.00944788  -0.0182826   0.0559571  -0.0488546
 -0.0155648   0.0789873  -0.0488546    0.253796
x_ = 15.5981
3.74541
4.50269
2.26287
P_ =   0.011299 -0.0105201  0.0128082 -0.0180075
-0.0105201  0.0593342 -0.0207254  0.0922396
 0.0128082 -0.0207254  0.0784571 -0.0488546
-0.0180075  0.0922396 -0.0488546   0.276296
Rho: 16.2869
Phi: 0.239185
x_ = 15.8199
 3.7537
4.47173
  2.093
P_ =   0.0105774 -0.00982721   0.0102236  -0.0171754
-0.00982721   0.0530166  -0.0204311   0.0809351
  0.0102236  -0.0204311   0.0581115  -0.0535238
 -0.0171754   0.0809351  -0.0535238     0.25614
x_ = 16.0434
3.85835
4.47173
  2.093
P_ =  0.0117591 -0.0118413  0.0136916 -0.0198516
-0.0118413  0.0617645 -0.0231073  0.0943046
 0.0136916 -0.0231073  0.0806115 -0.0535238
-0.0198516  0.0943046 -0.0535238    0.27864
Rho: 16.7428
Phi: 0.238966
x_ = 16.2417
4.00756
4.25399
2.11301
P_ =  0.0109356 -0.0108869  0.0107109 -0.0185781
-0.0108869  0.0553473 -0.0215303  0.0832943
 0.0107109 -0.0215303    0.05895 -0.0556532
-0.0185781  0.0832943 -0.0556532    0.25996
x_ = 16.4544
4.11321
4.25399
2.11301
P_ =  0.0121681 -0.0130315  0.0142209 -0.0213608
-0.0130315  0.0643407  -0.024313  0.0968547
 0.0142209  -0.024313    0.08145 -0.0556532
-0.0213608  0.0968547 -0.0556532    0.28246
Rho: 17.1928
Phi: 0.247917
x_ = 16.6733
4.27644
4.28075
2.20427
P_ =  0.0113112 -0.0119559  0.0112455 -0.0199217
-0.0119559  0.0576482 -0.0227943  0.0855003
 0.0112455 -0.0227943  0.0600865 -0.0582395
-0.0199217  0.0855003 -0.0582395   0.263198
x_ = 16.8873
4.38666
4.28075
2.20427
P_ =  0.0126001 -0.0142373  0.0148123 -0.0228337
-0.0142373  0.0668703 -0.0257062  0.0992228
 0.0148123 -0.0257062  0.0825865 -0.0582395
-0.0228337  0.0992228 -0.0582395   0.285698
Rho: 17.6827
Phi: 0.257133
x_ = 17.0208
4.61198
3.84956
2.28393
P_ =  0.0117145 -0.0130625  0.0118366 -0.0212734
-0.0130625  0.0599816 -0.0242054  0.0876743
 0.0118366 -0.0242054   0.061431 -0.0611177
-0.0212734  0.0876743 -0.0611177   0.266187
x_ = 17.2133
4.72617
3.84956
2.28393
P_ =  0.0130657 -0.0154892  0.0154706 -0.0243292
-0.0154892  0.0694286 -0.0272612   0.101546
 0.0154706 -0.0272612   0.083931 -0.0611177
-0.0243292   0.101546 -0.0611177   0.288687
Rho: 18.0663
Phi: 0.271237
x_ = 17.4009
4.79666
3.81851
2.21257
P_ =  0.0121718  -0.014224  0.0126001 -0.0226806
 -0.014224  0.0621165 -0.0259988  0.0893822
 0.0126001 -0.0259988  0.0633875 -0.0648144
-0.0226806  0.0893822 -0.0648144   0.268041
x_ = 17.5918
4.90729
3.81851
2.21257
P_ =  0.0136044   -0.01682   0.016332 -0.0259213
  -0.01682  0.0717389 -0.0292395   0.103347
  0.016332 -0.0292395  0.0858875 -0.0648144
-0.0259213   0.103347 -0.0648144   0.290541
Rho: 18.4771
Phi: 0.275029
x_ = 17.7659
4.95703
3.72737
 2.1043
P_ =  0.0126195 -0.0153477  0.0131845 -0.0239953
-0.0153477   0.064268 -0.0272194  0.0912921
 0.0131845 -0.0272194  0.0645607 -0.0672087
-0.0239953  0.0912921 -0.0672087   0.270737
x_ = 17.9522
5.06224
3.72737
 2.1043
P_ =  0.0141135 -0.0180765   0.016975 -0.0273557
-0.0180765  0.0740881 -0.0305799   0.105391
  0.016975 -0.0305799  0.0870607 -0.0672087
-0.0273557   0.105391 -0.0672087   0.293237
Rho: 18.8603
Phi: 0.277535
x_ =  18.071
5.35961
3.50167
2.33844
P_ =  0.0130359 -0.0163966  0.0136199 -0.0251523
-0.0163966  0.0664012 -0.0280719  0.0932648
 0.0136199 -0.0280719  0.0652688 -0.0688558
-0.0251523  0.0932648 -0.0688558   0.273744
x_ =  18.246
5.47653
3.50167
2.33844
P_ =  0.0145751 -0.0192299  0.0174458 -0.0285951
-0.0192299  0.0764261 -0.0315147   0.107514
 0.0174458 -0.0315147  0.0877688 -0.0688558
-0.0285951   0.107514 -0.0688558   0.296244
Rho: 19.2516
Phi: 0.294796
x_ = 18.3566
5.85779
3.40954
2.71094
P_ =  0.0135442 -0.0175606   0.014466  -0.026459
-0.0175606  0.0683411 -0.0299445   0.094622
  0.014466 -0.0299445  0.0675111 -0.0726417
 -0.026459   0.094622 -0.0726417   0.274851
x_ = 18.5271
5.99333
3.40954
2.71094
P_ =  0.0151736 -0.0205624  0.0184041 -0.0300911
-0.0205624  0.0785044 -0.0335766   0.108927
 0.0184041 -0.0335766  0.0900111 -0.0726417
-0.0300911   0.108927 -0.0726417   0.297351
Rho: 19.6764
Phi: 0.316754
x_ = 18.6283
6.31543
3.22004
2.93584
P_ =  0.0142069 -0.0189202  0.0157567  -0.028046
-0.0189202  0.0700589 -0.0326384  0.0953877
 0.0157567 -0.0326384  0.0710864 -0.0779602
 -0.028046  0.0953877 -0.0779602   0.274363
x_ = 18.7893
6.46223
3.22004
2.93584
P_ =  0.0159743 -0.0221493  0.0198735 -0.0319441
-0.0221493  0.0802976 -0.0365364   0.109668
 0.0198735 -0.0365364  0.0935864 -0.0779602
-0.0319441   0.109668 -0.0779602   0.296863
Rho: 20.0698
Phi: 0.335565
x_ = 18.9196
6.75032
3.20165
3.14065
P_ =  0.0150073 -0.0204303  0.0172483 -0.0298461
-0.0204303  0.0716173  -0.035407  0.0959475
 0.0172483  -0.035407  0.0749704 -0.0832842
-0.0298461  0.0959475 -0.0832842   0.273612
x_ = 19.0796
6.90735
3.20165
3.14065
P_ =  0.0169336 -0.0239012  0.0215593 -0.0340103
-0.0239012  0.0819102 -0.0395712   0.110191
 0.0215593 -0.0395712  0.0974704 -0.0832842
-0.0340103   0.110191 -0.0832842   0.296112
Rho: 20.4957
Phi: 0.351894
x_ = 19.1292
7.12409
2.85439
3.14098
P_ =  0.0159295 -0.0220674  0.0188268  -0.031801
-0.0220674  0.0731526 -0.0380259  0.0965981
 0.0188268 -0.0380259  0.0787759 -0.0882208
 -0.031801  0.0965981 -0.0882208    0.27321
x_ = 19.2719
7.28114
2.85439
3.14098
P_ =  0.0180232 -0.0257793   0.023328  -0.036212
-0.0257793  0.0835095  -0.042437   0.110821
  0.023328  -0.042437   0.101276 -0.0882208
 -0.036212   0.110821 -0.0882208    0.29571
Rho: 20.7907
Phi: 0.365873
x_ = 19.3948
7.48918
2.82276
3.20805
P_ =  0.0169192 -0.0237149   0.020368  -0.033729
-0.0237149  0.0745144 -0.0402933   0.097158
  0.020368 -0.0402933  0.0822433 -0.0924972
 -0.033729   0.097158 -0.0924972    0.27293
x_ = 19.5359
7.64958
2.82276
3.20805
P_ =  0.0191756 -0.0276473  0.0250427 -0.0383538
-0.0276473  0.0849266 -0.0449181   0.111367
 0.0250427 -0.0449181   0.104743 -0.0924972
-0.0383538   0.111367 -0.0924972    0.29543
Rho: 21.1703
Phi: 0.377838
x_ = 19.5933
 7.9027
2.71505
3.33765
P_ =  0.0179629 -0.0253862  0.0218481 -0.0356442
-0.0253862  0.0758969 -0.0422941   0.097899
 0.0218481 -0.0422941  0.0853553 -0.0962687
-0.0356442   0.097899 -0.0962687   0.273125
x_ = 19.7291
8.06959
2.71505
3.33765
P_ =  0.0203751 -0.0295238  0.0266783 -0.0404576
-0.0295238  0.0863836 -0.0471076   0.112118
 0.0266783 -0.0471076   0.107855 -0.0962687
-0.0404576   0.112118 -0.0962687   0.295625
Rho: 21.5047
Phi: 0.393051
x_ =  19.822
 8.2466
2.51198
3.28194
P_ =  0.0190798 -0.0270723  0.0234536 -0.0374987
-0.0270723  0.0771326 -0.0444004  0.0983729
 0.0234536 -0.0444004  0.0888771  -0.100213
-0.0374987  0.0983729  -0.100213   0.272629
x_ = 19.9476
 8.4107
2.51198
3.28194
P_ =  0.0216615 -0.0314178  0.0284599 -0.0425094
-0.0314178  0.0876655  -0.049411   0.112567
 0.0284599  -0.049411   0.111377  -0.100213
-0.0425094   0.112567  -0.100213   0.295129
Rho: 21.828
Phi: 0.403713
x_ = 19.9693
8.75419
2.22216
3.44407
P_ =  0.0202164 -0.0287288  0.0249319 -0.0392928
-0.0287288  0.0783453 -0.0461732   0.098984
 0.0249319 -0.0461732  0.0918842  -0.103561
-0.0392928   0.098984  -0.103561   0.272637
x_ = 20.0804
8.92639
2.22216
3.44407
P_ =  0.0229534  -0.033261  0.0300886 -0.0444708
 -0.033261  0.0889394 -0.0513513   0.113178
 0.0300886 -0.0513513   0.114384  -0.103561
-0.0444708   0.113178  -0.103561   0.295137
Rho: 22.1469
Phi: 0.423364
x_ = 20.0818
9.22388
1.90398
3.51755
P_ =  0.0214759 -0.0304226  0.0268014 -0.0410163
-0.0304226   0.079279 -0.0484707  0.0989192
 0.0268014 -0.0484707   0.096236  -0.107764
-0.0410163  0.0989192  -0.107764   0.270828
x_ =  20.177
9.39976
1.90398
3.51755
P_ =  0.0244107 -0.0351663  0.0321757 -0.0464045
-0.0351663  0.0898621 -0.0538589   0.113023
 0.0321757 -0.0538589   0.118736  -0.107764
-0.0464045   0.113023  -0.107764   0.293328
Rho: 22.42
Phi: 0.441286
x_ = 20.0835
10.0114
1.67469
4.09201
P_ =  0.0228425 -0.0321273  0.0288376 -0.0427177
-0.0321273  0.0799666 -0.0507888  0.0985151
 0.0288376 -0.0507888   0.100946  -0.111946
-0.0427177  0.0985151  -0.111946   0.268447
x_ = 20.1673
 10.216
1.67469
4.09201
P_ =  0.0259927 -0.0370825  0.0344474  -0.048315
-0.0370825  0.0905032 -0.0563861     0.1125
 0.0344474 -0.0563861   0.123446  -0.111946
 -0.048315     0.1125  -0.111946   0.290947
Rho: 22.7748
Phi: 0.475236
x_ = 20.1556
10.4658
1.35242
4.02754
P_ =  0.0245334 -0.0339541  0.0318649 -0.0443159
-0.0339541  0.0799905 -0.0541662  0.0965071
 0.0318649 -0.0541662    0.10877  -0.117621
-0.0443159  0.0965071  -0.117621   0.261981
x_ = 20.2232
10.6672
1.35242
4.02754
P_ =  0.0280059 -0.0391723  0.0378659 -0.0501969
-0.0391723  0.0903103 -0.0600473   0.110169
 0.0378659 -0.0600473    0.13127  -0.117621
-0.0501969   0.110169  -0.117621   0.284481
Rho: 23.0183
Phi: 0.491752
x_ =  20.131
11.1761
1.08586
4.38216
P_ =  0.0263569 -0.0358323  0.0346208  -0.046179
-0.0358323  0.0800523 -0.0566863  0.0952723
 0.0346208 -0.0566863   0.114921  -0.121992
 -0.046179  0.0952723  -0.121992   0.258168
x_ = 20.1853
11.3952
1.08586
4.38216
P_ =  0.0301204 -0.0412805  0.0409294 -0.0522786
-0.0412805   0.090239 -0.0627859   0.108743
 0.0409294 -0.0627859   0.137421  -0.121992
-0.0522786   0.108743  -0.121992   0.280668
Rho: 23.3352
Phi: 0.520964
x_ =    20.07
 11.6858
0.523032
 4.23697
P_ =  0.0284412 -0.0377499  0.0379657 -0.0478772
-0.0377499   0.079684 -0.0595747  0.0931488
 0.0379657 -0.0595747   0.122828  -0.126724
-0.0478772  0.0931488  -0.126724    0.25207
x_ =  20.0961
 11.8976
0.523032
 4.23697
P_ =  0.0325589 -0.0434393  0.0446696 -0.0542134
-0.0434393  0.0896431 -0.0659109   0.106315
 0.0446696 -0.0659109   0.145328  -0.126724
-0.0542134   0.106315  -0.126724    0.27457
Rho: 23.485
Phi: 0.541739
x_ =  20.1238
 12.1143
0.660722
 4.34474
P_ =  0.0306431 -0.0396065  0.0411824 -0.0495823
-0.0396065  0.0791177 -0.0618713  0.0912005
 0.0411824 -0.0618713   0.129898  -0.130625
-0.0495823  0.0912005  -0.130625   0.246967
x_ =  20.1569
 12.3316
0.660722
 4.34474
P_ =  0.0351002 -0.0455057  0.0482397 -0.0561135
-0.0455057  0.0888692 -0.0684026   0.104111
 0.0482397 -0.0684026   0.152398  -0.130625
-0.0561135   0.104111  -0.130625   0.269467
Rho: 23.7719
Phi: 0.556107
x_ =  20.1458
 12.4828
0.315714
 4.05045
P_ =  0.0329097 -0.0414758  0.0440707 -0.0514455
-0.0414758   0.078775 -0.0636351  0.0900847
 0.0440707 -0.0636351   0.135537  -0.133851
-0.0514455  0.0900847  -0.133851   0.243961
x_ =  20.1616
 12.6853
0.315714
 4.05045
P_ =  0.0376697 -0.0475644  0.0514101 -0.0581381
-0.0475644  0.0884074 -0.0703276   0.102845
 0.0514101 -0.0703276   0.158037  -0.133851
-0.0581381   0.102845  -0.133851   0.266461
Rho: 23.9421
Phi: 0.568409
x_ =  20.2872
 12.7306
0.365592
 3.78363
P_ =  0.0351005 -0.0432052  0.0465338 -0.0532035
-0.0432052  0.0784799 -0.0648864  0.0893674
 0.0465338 -0.0648864       0.14  -0.136437
-0.0532035  0.0893674  -0.136437   0.241978
x_ =  20.3054
 12.9197
0.365592
 3.78363
P_ =  0.0401179 -0.0494508  0.0540963 -0.0600253
-0.0494508  0.0880356 -0.0717083   0.102029
 0.0540963 -0.0717083     0.1625  -0.136437
-0.0600253   0.102029  -0.136437   0.264478
Rho: 24.1847
Phi: 0.572857
x_ =  20.2363
 13.1927
0.178767
  3.8318
P_ =  0.0370941  -0.044814  0.0482498 -0.0549991
 -0.044814   0.078521 -0.0655022  0.0895904
 0.0482498 -0.0655022   0.142357  -0.138296
-0.0549991  0.0895904  -0.138296   0.242261
x_ =  20.2453
 13.3843
0.178767
  3.8318
P_ =  0.0422891 -0.0511848  0.0559301 -0.0619139
-0.0511848  0.0880997  -0.072417   0.102266
 0.0559301  -0.072417   0.164857  -0.138296
-0.0619139   0.102266  -0.138296   0.264761
Rho: 24.3831
Phi: 0.590495
x_ =     20.2497
    13.5309
-0.00185572
    3.63843
P_ =  0.0390732 -0.0462794  0.0504065 -0.0562523
-0.0462794  0.0783272 -0.0666712  0.0889018
 0.0504065 -0.0666712   0.146763  -0.140527
-0.0562523  0.0889018  -0.140527   0.239796
x_ =     20.2496
    13.7129
-0.00185572
    3.63843
P_ =  0.0444949 -0.0527769  0.0583071 -0.0632787
-0.0527769  0.0878309 -0.0736976   0.101454
 0.0583071 -0.0736976   0.169263  -0.140527
-0.0632787   0.101454  -0.140527   0.262296
Rho: 24.5582
Phi: 0.60139
x_ =   20.1386
  13.9921
-0.249807
  3.67047
P_ =  0.0409603 -0.0476244   0.052332 -0.0574281
-0.0476244  0.0781318 -0.0676043  0.0883514
  0.052332 -0.0676043   0.150553  -0.142446
-0.0574281  0.0883514  -0.142446   0.237866
x_ =   20.1261
  14.1756
-0.249807
  3.67047
P_ =  0.0465839 -0.0542322  0.0604221 -0.0645504
-0.0542322  0.0875757 -0.0747266   0.100807
 0.0604221 -0.0747266   0.173053  -0.142446
-0.0645504   0.100807  -0.142446   0.260366
Rho: 24.7132
Phi: 0.619995
x_ =  20.1266
 14.2857
-0.29101
 3.53384
P_ =   0.042882 -0.0488387  0.0546567 -0.0582065
-0.0488387  0.0776275 -0.0688351   0.086999
 0.0546567 -0.0688351   0.155825  -0.144451
-0.0582065   0.086999  -0.144451   0.233925
x_ =   20.112
 14.4624
-0.29101
 3.53384
P_ =  0.0487513 -0.0555519  0.0630105 -0.0654291
-0.0555519  0.0869263 -0.0760577  0.0992577
 0.0630105 -0.0760577   0.178325  -0.144451
-0.0654291  0.0992577  -0.144451   0.256425
Rho: 24.8639
Phi: 0.629537
x_ =   20.0086
  14.6746
-0.858671
  3.18984
P_ =  0.0447285 -0.0499795  0.0565973 -0.0591494
-0.0499795  0.0771968 -0.0696468  0.0861541
 0.0565973 -0.0696468   0.159753  -0.146104
-0.0591494  0.0861541  -0.146104   0.231602
x_ =   19.9657
  14.8341
-0.858671
  3.18984
P_ =  0.0508017 -0.0567845  0.0651475 -0.0664546
-0.0567845  0.0864053  -0.076952  0.0982967
 0.0651475  -0.076952   0.182253  -0.146104
-0.0664546  0.0982967  -0.146104   0.254102
Rho: 24.9344
Phi: 0.645154
x_ =   19.9173
  15.0021
-0.897802
  3.17152
P_ =   0.046533 -0.0509542  0.0586645 -0.0597826
-0.0509542  0.0765102 -0.0704798  0.0848142
 0.0586645 -0.0704798   0.164368  -0.147618
-0.0597826  0.0848142  -0.147618   0.228118
x_ =   19.8724
  15.1607
-0.897802
  3.17152
P_ =  0.0528244 -0.0578364  0.0674454 -0.0671635
-0.0578364  0.0855759 -0.0778607  0.0967826
 0.0674454 -0.0778607   0.186868  -0.147618
-0.0671635  0.0967826  -0.147618   0.250618
Rho: 25.0561
Phi: 0.657824
x_ =  19.7008
 15.4674
-1.06635
 3.33617
P_ =  0.0483179 -0.0518555  0.0606751 -0.0604044
-0.0518555  0.0757767 -0.0711996  0.0835309
 0.0606751 -0.0711996   0.168757  -0.148993
-0.0604044  0.0835309  -0.148993   0.224923
x_ =  19.6475
 15.6342
-1.06635
 3.33617
P_ =  0.0548213 -0.0588082  0.0696754 -0.0678541
-0.0588082  0.0847062 -0.0786492  0.0953396
 0.0696754 -0.0786492   0.191257  -0.148993
-0.0678541  0.0953396  -0.148993   0.247423
Rho: 25.1715
Phi: 0.678641
x_ =  19.5306
 15.8521
-1.32052
 3.22853
P_ =  0.0502158 -0.0526452  0.0632314 -0.0605959
-0.0526452  0.0746883 -0.0721989  0.0813666
 0.0632314 -0.0721989   0.174899  -0.150286
-0.0605959  0.0813666  -0.150286   0.219513
x_ =  19.4645
 16.0135
-1.32052
 3.22853
P_ =  0.0569902 -0.0596607  0.0725388 -0.0681102
-0.0596607  0.0833878 -0.0797132  0.0929048
 0.0725388 -0.0797132   0.197399  -0.150286
-0.0681102  0.0929048  -0.150286   0.242013
Rho: 25.2573
Phi: 0.695027
x_ =   19.221
 16.3706
-1.91116
 3.09259
P_ =  0.0521781 -0.0533731  0.0657788 -0.0608494
-0.0533731  0.0734778 -0.0729843   0.079254
 0.0657788 -0.0729843   0.180747  -0.151383
-0.0608494   0.079254  -0.151383   0.214529
x_ =  19.1254
 16.5252
-1.91116
 3.09259
P_ =  0.0592219 -0.0604433  0.0753787 -0.0684185
-0.0604433  0.0819536 -0.0805534   0.090543
 0.0753787 -0.0805534   0.203247  -0.151383
-0.0684185   0.090543  -0.151383   0.237029
Rho: 25.3052
Phi: 0.719685
x_ =  18.9861
 16.7861
-1.84024
 3.34989
P_ =    0.05427 -0.0539178  0.0688285 -0.0605796
-0.0539178  0.0717877 -0.0738212  0.0761706
 0.0688285 -0.0738212   0.188204  -0.152038
-0.0605796  0.0761706  -0.152038   0.207289
x_ =  18.8941
 16.9536
-1.84024
 3.34989
P_ =  0.0616375 -0.0610179  0.0788012 -0.0681815
-0.0610179   0.079937 -0.0814231  0.0870976
 0.0788012 -0.0814231   0.210704  -0.152038
-0.0681815  0.0870976  -0.152038   0.229789
Rho: 25.4293
Phi: 0.738638
x_ =  18.7072
 17.1885
-2.02237
 3.35583
P_ =  0.0565328 -0.0544706  0.0719415 -0.0605055
-0.0544706  0.0700577 -0.0744708  0.0733405
 0.0719415 -0.0744708   0.195296  -0.152589
-0.0605055  0.0733405  -0.152589   0.200923
x_ =  18.6061
 17.3563
-2.02237
 3.35583
P_ =  0.0642292 -0.0616009  0.0822688 -0.0681349
-0.0616009  0.0779081 -0.0821002  0.0839492
 0.0822688 -0.0821002   0.217796  -0.152589
-0.0681349  0.0839492  -0.152589   0.223423
Rho: 25.4858
Phi: 0.758181
x_ = 18.4699
17.4545
-2.3171
2.98509
P_ =   0.058877  -0.054936  0.0750554 -0.0604051
 -0.054936  0.0682078 -0.0748956  0.0705372
 0.0750554 -0.0748956   0.202223   -0.15286
-0.0604051  0.0705372   -0.15286   0.194738
x_ =  18.354
17.6037
-2.3171
2.98509
P_ =  0.0669022 -0.0620832   0.085729 -0.0680481
-0.0620832  0.0757624 -0.0825386  0.0808367
  0.085729 -0.0825386   0.224723   -0.15286
-0.0680481  0.0808367   -0.15286   0.217238
Rho: 25.4519
Phi: 0.771918
x_ =  18.2971
 17.7634
-2.34016
 2.88586
P_ =  0.0611319 -0.0553029  0.0776803 -0.0605687
-0.0553029  0.0664183 -0.0748938  0.0683285
 0.0776803 -0.0748938   0.207637  -0.153071
-0.0605687  0.0683285  -0.153071     0.1902
x_ =  18.1801
 17.9077
-2.34016
 2.88586
P_ =  0.0694331 -0.0624587  0.0886246 -0.0682222
-0.0624587  0.0737407 -0.0825474   0.078401
 0.0886246 -0.0825474   0.230137  -0.153071
-0.0682222   0.078401  -0.153071     0.2127
Rho: 25.5372
Phi: 0.785091
x_ =  18.0124
 18.0247
-2.57114
 2.65249
P_ =  0.0633489  -0.055661  0.0800783  -0.060877
 -0.055661  0.0647979 -0.0748024  0.0665487
 0.0800783 -0.0748024   0.212405  -0.153304
 -0.060877  0.0665487  -0.153304   0.186484
x_ =  17.8838
 18.1573
-2.57114
 2.65249
P_ =  0.0719018 -0.0628282  0.0912611 -0.0685422
-0.0628282  0.0719331 -0.0824676  0.0764355
 0.0912611 -0.0824676   0.234905  -0.153304
-0.0685422  0.0764355  -0.153304   0.208984
Rho: 25.4906
Phi: 0.800231
x_ =  17.5542
 18.5301
-2.92277
 2.79787
P_ =  0.0654043 -0.0558328  0.0823189 -0.0608736
-0.0558328  0.0630966  -0.074579  0.0646008
 0.0823189  -0.074579   0.217167   -0.15315
-0.0608736  0.0646008   -0.15315   0.182293
x_ =  17.4081
   18.67
-2.92277
 2.79787
P_ =  0.0741931 -0.0629883  0.0937398 -0.0685311
-0.0629883  0.0700265 -0.0822365   0.074278
 0.0937398 -0.0822365   0.239667   -0.15315
-0.0685311   0.074278   -0.15315   0.204793
Rho: 25.5301
Phi: 0.828286
x_ =  17.0224
 19.0291
-3.39854
 2.80023
P_ =   0.067546 -0.0557215  0.0853294 -0.0596919
-0.0557215  0.0609078 -0.0744956  0.0611983
 0.0853294 -0.0744956   0.224696  -0.151747
-0.0596919  0.0611983  -0.151747   0.174334
x_ =  16.8525
 19.1691
-3.39854
 2.80023
P_ =  0.0766548 -0.0628102  0.0971267 -0.0672793
-0.0628102  0.0674776  -0.082083  0.0704775
 0.0971267  -0.082083   0.247196  -0.151747
-0.0672793  0.0704775  -0.151747   0.196834
Rho: 25.5176
Phi: 0.858247
x_ =  16.7292
  19.086
-3.48634
  2.3271
P_ =  0.0698014 -0.0553046  0.0887591 -0.0577676
-0.0553046  0.0582337 -0.0741245   0.056893
 0.0887591 -0.0741245   0.233479  -0.149223
-0.0577676   0.056893  -0.149223    0.16455
x_ =  16.5548
 19.2023
-3.48634
  2.3271
P_ =   0.079275 -0.0622723   0.100996 -0.0652288
-0.0622723  0.0643484 -0.0815856   0.065683
  0.100996 -0.0815856   0.255979  -0.149223
-0.0652288   0.065683  -0.149223    0.18705
Rho: 25.3285
Phi: 0.867516
x_ = 16.3645
19.3158
-3.4878
2.34982
P_ =   0.071942 -0.0549458  0.0911751 -0.0572735
-0.0549458   0.055933  -0.073233  0.0544088
 0.0911751  -0.073233   0.238549  -0.148174
-0.0572735  0.0544088  -0.148174   0.159846
x_ = 16.1902
19.4332
-3.4878
2.34982
P_ =    0.08167 -0.0618416   0.103665 -0.0646822
-0.0618416  0.0617876 -0.0806417  0.0629636
  0.103665 -0.0806417   0.261049  -0.148174
-0.0646822  0.0629636  -0.148174   0.182346
Rho: 25.2732
Phi: 0.884463
x_ =  15.6604
 19.8725
-4.04159
 2.53259
P_ =  0.0739699 -0.0544831  0.0934621 -0.0566089
-0.0544831  0.0536888 -0.0722998  0.0519864
 0.0934621 -0.0722998   0.243601  -0.146836
-0.0566089  0.0519864  -0.146836   0.154971
x_ =  15.4583
 19.9991
-4.04159
 2.53259
P_ =  0.0839392 -0.0612956   0.106205 -0.0639507
-0.0612956  0.0592889 -0.0796416  0.0602974
  0.106205 -0.0796416   0.266101  -0.146836
-0.0639507  0.0602974  -0.146836   0.177471
Rho: 25.2546
Phi: 0.922166
x_ =  15.2038
  20.066
-4.22652
 2.25044
P_ =  0.0759946 -0.0534785   0.096617 -0.0537896
-0.0534785  0.0507349 -0.0711672  0.0474456
  0.096617 -0.0711672   0.252242  -0.142499
-0.0537896  0.0474456  -0.142499   0.144625
x_ =  14.9925
 20.1785
-4.22652
 2.25044
P_ =  0.0863009 -0.0600826   0.109792 -0.0609146
-0.0600826  0.0558551 -0.0782922  0.0552394
  0.109792 -0.0782922   0.274742  -0.142499
-0.0609146  0.0552394  -0.142499   0.167125
Rho: 25.1039
Phi: 0.941226
x_ =  14.5964
 20.3874
-4.59543
 2.10257
P_ =   0.078088 -0.0524871  0.0993949 -0.0519473
-0.0524871  0.0479601 -0.0697429  0.0439974
 0.0993949 -0.0697429   0.258993  -0.139305
-0.0519473  0.0439974  -0.139305   0.137432
x_ =  14.3667
 20.4926
-4.59543
 2.10257
P_ =  0.0886891 -0.0589199   0.112907 -0.0589125
-0.0589199  0.0527174 -0.0767081  0.0514315
  0.112907 -0.0767081   0.281493  -0.139305
-0.0589125  0.0514315  -0.139305   0.159932
Rho: 24.9823
Phi: 0.969301
x_ =  14.0831
 20.5931
-4.78791
 1.84924
P_ =  0.0801111 -0.0512125   0.102199 -0.0494806
-0.0512125  0.0450066 -0.0680042  0.0401866
  0.102199 -0.0680042   0.266182  -0.134988
-0.0494806  0.0401866  -0.134988   0.129281
x_ =  13.8437
 20.6855
-4.78791
 1.84924
P_ =  0.0910105 -0.0574242    0.11607   -0.05623
-0.0574242  0.0493626 -0.0747536  0.0472131
   0.11607 -0.0747536   0.288682  -0.134988
  -0.05623  0.0472131  -0.134988   0.151781
Rho: 24.8355
Phi: 0.991093
x_ =  13.6814
 20.6375
-4.85772
 1.35479
P_ =  0.0821023 -0.0498718   0.104742 -0.0473956
-0.0498718  0.0421816 -0.0660865  0.0369375
  0.104742 -0.0660865   0.272421   -0.13107
-0.0473956  0.0369375   -0.13107   0.122517
x_ =  13.4386
 20.7052
-4.85772
 1.35479
P_ =  0.0932716 -0.0558736   0.118925 -0.0539491
-0.0558736  0.0461957   -0.07264  0.0436258
  0.118925   -0.07264   0.294921   -0.13107
-0.0539491  0.0436258   -0.13107   0.145017
Rho: 24.6098
Phi: 1.00487
x_ = 13.1896
  20.79
-4.9428
1.21353
P_ =  0.0838695 -0.0485653   0.106604 -0.0462101
-0.0485653  0.0396823 -0.0641184  0.0346969
  0.106604 -0.0641184   0.276695  -0.128448
-0.0462101  0.0346969  -0.128448   0.118131
x_ = 12.9425
20.8507
-4.9428
1.21353
P_ =  0.0952358 -0.0544028   0.121002 -0.0526325
-0.0544028  0.0434613 -0.0705408  0.0411659
  0.121002 -0.0705408   0.299195  -0.128448
-0.0526325  0.0411659  -0.128448   0.140631
Rho: 24.4634
Phi: 1.02517
x_ =  12.4528
 21.0322
-5.34339
 1.12141
P_ =  0.0854158 -0.0471428   0.108314 -0.0446021
-0.0471428  0.0372807 -0.0621364  0.0323725
  0.108314 -0.0621364   0.281112  -0.125097
-0.0446021  0.0323725  -0.125097   0.113165
x_ =  12.1857
 21.0882
-5.34339
 1.12141
P_ =   0.096964 -0.0527925   0.122932  -0.050857
-0.0527925   0.040815 -0.0683913  0.0385933
  0.122932 -0.0683913   0.303612  -0.125097
 -0.050857  0.0385933  -0.125097   0.135665
Rho: 24.272
Phi: 1.05751
x_ =  12.0222
 21.0639
-5.30792
0.799873
P_ =  0.0866623 -0.0452571   0.110101 -0.0412847
-0.0452571  0.0345934 -0.0597151  0.0289934
  0.110101 -0.0597151   0.286841   -0.11891
-0.0412847  0.0289934   -0.11891   0.105477
x_ =  11.7568
 21.1039
-5.30792
0.799873
P_ =  0.0984036 -0.0506044   0.125006 -0.0472302
-0.0506044  0.0377705 -0.0656606  0.0348297
  0.125006 -0.0656606   0.309341   -0.11891
-0.0472302  0.0348297   -0.11891   0.127977
Rho: 24.0648
Phi: 1.07297
x_ =  11.5355
 21.0368
-5.33388
0.474048
P_ =  0.0878957 -0.0435197   0.111541 -0.0393016
-0.0435197  0.0322421 -0.0573999  0.0267175
  0.111541 -0.0573999   0.290945  -0.114862
-0.0393016  0.0267175  -0.114862   0.100634
x_ =  11.2688
 21.0605
-5.33388
0.474048
P_ =  0.0997912 -0.0486419    0.12665 -0.0450447
-0.0486419  0.0351795  -0.063143  0.0323117
   0.12665  -0.063143   0.313445  -0.114862
-0.0450447  0.0323117  -0.114862   0.123134
Rho: 23.7822
Phi: 1.08985
x_ =  10.9517
 21.0005
-5.46812
0.182308
P_ =  0.0887947   -0.04173   0.112498 -0.0375331
  -0.04173  0.0300712 -0.0550653  0.0247901
  0.112498 -0.0550653   0.294135  -0.111129
-0.0375331  0.0247901  -0.111129  0.0965014
x_ =  10.6783
 21.0096
-5.46812
0.182308
P_ =   0.100794 -0.0466378   0.127767 -0.0430895
-0.0466378  0.0328055 -0.0606217  0.0301777
  0.127767 -0.0606217   0.316635  -0.111129
-0.0430895  0.0301777  -0.111129   0.119001
Rho: 23.4531
Phi: 1.11114
x_ =  10.1724
  21.116
-5.76996
0.245402
P_ =  0.0892719 -0.0397434   0.113088 -0.0352098
-0.0397434   0.027936 -0.0525629  0.0227068
  0.113088 -0.0525629   0.297144  -0.106427
-0.0352098  0.0227068  -0.106427  0.0918332
x_ =  9.88392
 21.1282
-5.76996
0.245402
P_ =   0.101338 -0.0443981   0.128508 -0.0405311
-0.0443981  0.0304504 -0.0578843   0.027861
  0.128508 -0.0578843   0.319644  -0.106427
-0.0405311   0.027861  -0.106427   0.114333
Rho: 23.2162
Phi: 1.14471
x_ =    9.68424
    21.094
  -5.72727
-0.0277927
P_ =  0.0894642 -0.0373515   0.113704 -0.0311882
-0.0373515  0.0256138 -0.0495671  0.0198026
  0.113704 -0.0495671    0.30111 -0.0986447
